       0/9    0.279G      4.67      6.77      31.7      43.2        31       416    0.0202     0.336    0.0831    0.0381      4.21      11.3      5.27
       1/9    0.333G      3.89      4.95      2.22      11.1        42       416    0.0479     0.336      0.09    0.0839      4.56      4.21     0.768
       2/9    0.333G      3.73      4.35     0.749      8.83        19       416    0.0574     0.342     0.169    0.0983      3.33      3.95    0.0603
       3/9    0.333G      3.71      2.64     0.687      7.04        33       416     0.178     0.237     0.148     0.203      3.29      3.32    0.0222
       4/9    0.333G      3.37      2.68     0.662      6.71        28       416      0.11     0.336     0.198     0.166      3.32      2.99    0.0178
       5/9    0.333G      3.16      2.77     0.443      6.37        49       416     0.127     0.342     0.199     0.185      2.89      2.96    0.0189
       6/9    0.333G      2.96       2.6     0.374      5.93        40       416     0.124     0.336     0.219     0.181      2.86      2.98    0.0157
       7/9    0.333G      2.82      2.64     0.572      6.03        43       416     0.135     0.322     0.235      0.19      2.83      2.97    0.0136
       8/9    0.333G      2.84      2.56     0.158      5.56        40       416     0.134     0.336     0.239     0.192      2.84      2.97    0.0138
       9/9    0.333G      2.77       2.6     0.399      5.77        28       416     0.138     0.316     0.227     0.192      2.76      2.93    0.0145
